    0.0035    5.3885
    0.5936    6.4395
    2.6496    9.7353
    3.7324   15.8673
    6.4857   19.1578
    8.1535   20.2201
   18.4893   22.0044
   19.2633   24.7621
   19.8308   26.8651
   20.8395   30.9333
   23.0275   32.2151
   24.5617   32.6301
   25.8249   33.3259
   27.8216   36.8143
   27.8353   41.6703
   29.9901   42.5733
   32.9033   45.2086
   33.8051   47.2995
   39.4487   50.2937
   41.8312   52.5428
   50.5782   56.9893
   52.4610   61.1157
   63.7030   66.8627
   76.8572   83.7772
   82.2604   86.6624
   86.3553   93.1633
   86.6152   94.9427
   88.1810   95.4536
   91.4541   98.5800
   96.7541  100.5892
   97.1752  105.9556
  113.5370  116.2048
  113.8681  117.5727
  118.5168  121.2932
  121.0658  123.9190
  123.8549  125.8767
  124.4902  128.9151
  141.5739  143.6813
  159.7689  162.4225
  160.0379  162.9173
  162.8949  166.1343
  163.5433  168.0866
  164.2936  170.0656
  165.3456  173.0638
  165.7201  182.3545
  172.1019  184.6963
  173.7200  189.7079
  179.4947  191.0655
  183.6227  195.1080
  187.3057  197.6052
  189.8975  204.1701
  192.5982  205.4612
  195.2229  208.9821
  202.6620  210.2273
  211.1416  212.2239
  212.8614  214.0109
  213.7036  215.6777
  214.3564  218.7400
  216.2574  225.5207
  226.5681  227.4620
  234.0762  238.7707
  237.1181  241.7956
  253.7085  254.4155
  261.0910  263.4336
  266.7475  270.9110
  271.4346  276.5046
  277.9642  282.6595
  302.3489  303.8882
  303.6283  308.5593
  304.6847  311.1884
  307.7081  311.9800
  308.0855  316.9196
  313.0664  321.5781
  317.3935  325.3504
  319.1449  326.4994
  320.4753  328.1114
  321.7064  329.3312
  326.2845  330.9143
  328.9323  332.1558
  337.3480  343.0042
  338.6206  344.7675
  338.7090  346.8802
  341.5403  350.0331
  345.4631  352.7452
  345.4692  354.1547
  348.8269  356.3508
  348.8479  358.9636
  353.5737  360.1226
  357.2736  362.2588
  359.1917  362.6088
  359.3779  364.7242
  363.2605  368.8935
  365.2206  370.9620
  370.0132  374.0521
  373.3771  376.3069
  373.6253  377.7176
  373.6288  380.4247
  374.0591  385.2981
  376.4017  389.7396
  378.5828  393.6686
  385.4511  396.0344
  391.7205  397.3249
  392.4050  398.6603
  399.4128  400.3752
  406.7549  412.2182
  410.5927  414.8899
  413.8797  418.1631
  414.8518  420.6745
  416.7624  421.8934
  416.9148  425.0122
  429.3368  430.6280
  441.3386  444.5828
  463.8243  468.4384
  465.6579  471.7069
  466.2705  475.7225
  467.4124  477.5476
  467.9651  480.0672
  479.1780  482.5850
  483.6714  488.0300
  484.3604  491.1769
  489.5062  494.0767
  497.4037  500.5162
  507.6089  508.9395
  511.0911  512.2235
  514.6916  516.7980
  517.0378  523.1682
  519.6866  525.9356
  521.0447  529.0644
  526.4955  537.2333
  535.0973  540.7193
  535.1831  543.1607
  535.8319  547.0518
  538.5902  549.3497
  540.3115  550.1808
  546.8960  553.5731
  549.4017  557.6470
  549.6147  558.2861
  555.6558  561.5794
  556.4774  563.7130
  565.1293  567.9028
  566.1361  570.2374
  570.3534  571.1859
  571.4462  577.6156
  572.6864  583.1104
  580.2281  584.6630
  583.3275  587.7354
  594.9870  597.5200
  620.3360  621.5789
  622.8301  625.7267
  626.8636  627.8673
  626.9971  628.9517
  634.6442  636.4676
  639.5475  643.2884
  648.9224  659.7487
  650.1897  662.1039
  653.7738  664.7776
  654.3709  667.5144
  656.0384  670.6285
  662.4491  673.5205
  664.5522  675.3933
  669.8408  683.4574
  674.3459  685.1591
  678.8170  688.1931
  682.0945  689.8416
  685.6012  691.0217
  687.4928  695.5836
  690.5192  697.1060
  692.2933  699.2764
  693.1496  702.7465
  698.1712  704.8379
  700.7019  707.8809
  701.4119  709.7529
  703.1095  713.9433
  704.8255  720.2068
  707.9312  724.3426
  714.2098  728.2803
  716.0362  735.4663
  716.8368  740.4717
  720.4158  745.2038
  723.2652  747.6234
  729.9700  752.0399
  730.6874  752.8077
  731.8697  756.3549
  732.8366  758.6849
  733.4688  761.4907
  743.2482  762.8512
  746.3791  768.5232
  755.9166  771.8680
  759.2388  776.7765
  760.4271  781.7409
  762.8223  785.0707
  778.5593  789.1110
  781.9779  791.5288
  790.0400  793.5662
  804.2931  807.1367
  804.3117  809.7460
  817.1136  817.5758
  822.8141  824.5424
  824.8590  825.9819
  827.4376  832.0608
  828.1480  837.9241
  831.0329  838.4259
  832.7523  840.2526
  833.4265  842.4996
  836.0963  845.0862
  843.0139  851.7988
  851.3072  855.5374
  853.6978  856.9843
  856.5332  864.7539
  859.7347  868.0881
  862.6134  871.2256
  866.8502  872.6666
  873.1522  876.3584
  875.0172  877.6412
  876.7280  879.5306
  877.7436  880.9540
  878.6969  886.6936
  881.1880  894.1682
  883.0517  899.0638
  891.2052  901.1684
  893.5043  903.9598
  895.4935  906.5143
  896.7517  910.7892
  897.0269  915.2553
  900.5320  919.8289
  901.6011  924.4825
  903.3820  928.9847
  937.7102  940.8119
  939.7335  941.8711
  941.1658  944.8684
  943.2454  948.8323
  952.4549  955.6112
  953.6674  956.6751
  954.1766  960.4026
  958.0027  962.0167
  960.5565  966.5811
  961.3988  968.6074
  966.0352  972.9820
  970.7092  975.7470
  972.6108  978.5361
  975.7479  982.0683
  978.7059  982.2886
  980.0394  983.8316
  991.7387  997.2703
  995.9466  998.1093
 1002.3391 1006.3860
 1004.9538 1009.9809
 1009.0920 1012.0071
 1016.4583 1020.7571
 1023.0994 1030.6305
 1025.8609 1036.0133
 1028.0852 1039.1888
 1036.1539 1040.2903
 1038.6383 1043.4012
 1038.6562 1045.6202
 1044.2400 1048.9520
 1044.9514 1054.6783
 1048.9936 1055.7167
 1049.8360 1059.8208
 1054.1914 1061.3061
 1056.4075 1062.9361
 1058.9542 1063.4764
 1065.6416 1069.8664
 1066.2649 1073.4419
 1069.8671 1075.5331
 1070.8475 1077.9103
 1077.3566 1078.7006
 1078.4505 1083.2416
 1080.8840 1088.3607
 1088.2654 1091.7529
 1091.0681 1095.0938
 1094.1924 1100.9379
 1109.8714 1112.4816
 1116.9672 1120.8605
 1118.4469 1125.6045
 1122.1664 1128.6912
 1124.0622 1131.0814
 1131.9169 1133.3815
 1132.7443 1136.5330
 1137.1981 1139.6553
 1140.0304 1148.8517
 1141.7755 1149.3151
 1148.4408 1153.2190
 1154.3387 1160.5409
 1157.0798 1161.8394
 1158.7477 1164.0240
 1166.9227 1172.7454
 1167.7516 1174.2517
 1170.0384 1175.7118
 1170.9473 1179.4994
 1171.7395 1183.4153
 1173.4229 1185.3362
 1174.5813 1187.1028
 1177.2508 1193.5037
 1185.1424 1200.6063
 1187.7310 1206.8135
 1190.6066 1212.0691
 1200.7114 1217.2040
 1200.8218 1222.0601
 1207.5230 1224.9194
 1207.9407 1228.9741
 1209.4413 1234.3054
 1212.1062 1237.6292
 1232.1923 1238.7716
 1236.0098 1240.8349
 1240.8514 1242.6030
 1243.4980 1251.4330
 1249.7723 1253.1335
 1256.8650 1258.7888
 1262.6119 1265.6705
 1264.0278 1268.2241
 1271.6391 1272.2602
 1276.1936 1277.0691
 1277.0355 1278.2819
 1286.2421 1288.6067
 1287.2223 1290.6011
 1290.4100 1295.6795
 1291.8503 1298.2577
 1293.1695 1300.7568
 1302.0493 1306.8222
 1302.6175 1309.2736
 1303.8437 1311.5434
 1304.4615 1312.0862
 1308.5943 1313.8780
 1310.4812 1316.8808
 1311.5247 1320.5713
 1323.8794 1329.0430
 1326.3958 1344.8459
 1327.9352 1347.2334
 1332.5119 1350.7821
 1341.4995 1356.7413
 1349.0748 1358.9276
 1357.4948 1360.0920
 1357.9814 1363.1125
 1359.2133 1366.1264
 1361.7521 1371.2071
 1369.2593 1372.6673
 1371.7136 1375.6141
 1376.3029 1377.9378
 1376.7091 1379.6102
 1382.5315 1385.3139
 1383.9555 1386.4003
 1389.9696 1391.3584
 1395.7319 1401.6915
 1398.9814 1403.9933
 1401.0711 1408.1410
 1405.7124 1416.1734
 1406.2175 1419.4268
 1412.5647 1421.7846
 1440.0052 1445.3061
 1445.4583 1447.9477
 1445.8260 1449.8727
 1450.7638 1452.6768
 1451.1673 1457.7206
 1453.0323 1459.0360
 1456.4081 1464.8479
 1464.3941 1469.5029
 1468.1759 1471.4934
 1470.2393 1475.6158
 1472.0428 1480.5469
 1473.8337 1481.0949
 1490.9521 1492.6925
 1492.7689 1495.1472
 1493.4471 1499.0355
 1498.5397 1503.0974
 1507.2492 1510.4577
 1517.6803 1519.4590
 1520.1216 1524.5143
 1522.6168 1528.7207
 1522.8306 1529.8501
 1529.4599 1532.2315
 1532.4923 1539.9824
 1534.1048 1541.4815
 1534.9134 1543.4601
 1537.3915 1546.0631
 1540.7558 1546.8647
 1541.0822 1548.6439
 1548.8478 1550.4134
 1550.8066 1554.6553
 1556.5920 1557.0584
 1570.5195 1571.2178
 1576.3786 1579.9094
 1580.5691 1582.4702
 1581.7853 1587.2533
 1583.6200 1594.0907
 1585.8125 1596.5991
 1590.9792 1602.1123
 1590.9886 1604.7841
 1591.3820 1605.9587
 1594.0124 1608.4262
 1602.2570 1610.3696
 1609.4562 1611.4053
 1609.8067 1614.5365
 1613.0581 1617.3373
 1617.0681 1618.6829
 1619.9377 1625.5886
 1623.5137 1628.1152
 1635.6310 1640.0378
 1637.0137 1642.8695
 1637.9405 1644.0732
 1640.6212 1644.6289
 1645.3892 1647.9942
 1647.2901 1649.2103
 1647.8898 1652.9512
 1649.6912 1656.2234
 1658.2402 1661.2200
 1658.4654 1661.9930
 1658.9274 1666.8710
 1659.7332 1668.7237
 1661.8607 1671.9767
 1663.9296 1676.2276
 1664.5992 1678.7400
 1665.9295 1679.7656
 1671.8678 1681.6535
 1673.6695 1683.2293
 1676.0579 1691.6117
 1682.1725 1695.6081
 1682.1930 1700.0982
 1684.9375 1703.3271
 1691.2332 1703.6632
 1705.7034 1708.4545
 1709.9058 1710.5288
 1717.3201 1722.6653
 1719.6055 1725.2814
 1720.6327 1730.7475
 1721.0274 1733.2632
 1722.7162 1733.9439
 1723.4306 1737.4641
 1726.4762 1739.3114
 1761.0773 1762.8881
 1762.3075 1764.7447
 1768.0982 1769.6765
 1769.6000 1772.7468
 1775.8734 1777.7388
 1779.4270 1783.9746
 1782.6773 1788.9007
 1791.6786 1794.0025
 1791.7547 1795.5842
 1792.4876 1799.6039
 1796.1652 1801.6545
 1799.0995 1803.2543
 1809.6849 1811.6245
 1820.5128 1821.4191
 1822.9501 1824.5546
 1836.1989 1841.0081
 1840.7039 1842.8273
 1841.3797 1846.2957
 1848.9961 1849.7553
 1849.8602 1850.9783
 1855.0141 1855.6127
 1863.7499 1866.4631
 1871.9544 1875.1915
 1878.6317 1883.9572
 1878.6600 1890.7481
 1881.5712 1897.3466
 1882.3240 1899.8174
 1884.4780 1903.4628
 1885.2758 1905.2434
 1885.7171 1907.4747
 1892.7501 1908.2329
 1896.4612 1909.2155
 1896.8636 1910.7075
 1898.4251 1914.2468
 1902.5119 1921.0494
 1906.3611 1923.0522
 1913.3907 1927.7322
 1920.4582 1930.1148
 1923.1350 1932.0848
 1928.7333 1937.0464
 1935.4172 1938.7779
 1940.7431 1943.7240
 1946.9918 1951.6289
 1947.1542 1953.4099
 1949.6681 1954.6119
 1950.1433 1956.9780
 1950.6880 1958.9985
 1954.7819 1960.1946
 1955.6950 1961.3961
 1960.1349 1964.3315
 1962.5393 1965.7188
 1963.0985 1968.2975
 1964.7593 1970.8152
 1976.3188 1979.8295
 1976.6494 1982.8484
 1980.5084 1984.8390
 1982.1854 1987.8033
 1984.8782 1988.9486
 1993.5933 1997.9956
 1996.3500 2000.1108
 2003.2644 2006.9785
 2015.8963 2018.9489
 2019.9186 2024.3533
 2022.7943 2027.0951
 2029.6434 2031.3373
 2029.7126 2033.1248
 2030.6646 2038.3586
 2033.1349 2041.4547
 2033.3829 2043.4889
 2034.3910 2044.7329
 2039.9046 2049.7166
