  0.622
  2.573
  1.490
  0.617
  0.273
  0.014
  0.044
  0.481
  0.741
  1.934
  4.875
  4.908
  5.151
  0.887
  1.723
  5.452
  4.578
  4.585
  4.322
  4.288
  5.599
  5.060
  4.543
  2.788
  3.496
  3.422
  0.790
  0.828
  0.830
  1.085
  2.146
  1.682
  2.786
  2.783
  3.102
  1.997
  0.076
  4.159
  6.861
  7.034
  8.811
  9.586
  9.420
  7.836
  7.367
  7.202
  7.502
  6.574
  6.532
  5.924
  6.387
  6.396
  5.112
  7.180
  9.360
  8.845
  8.680
  8.885
  7.034
  7.243
  8.274
  8.577
  8.087
  9.229
 10.507
 11.187
 11.253
 10.100
  8.965
  9.632
  9.125
  9.181
  9.277
  7.439
  8.856
  9.557
 10.279
 13.130
 11.191
 10.275
  9.145
  8.648
  8.589
  8.670
  7.776
  9.403
 10.454
  9.886
  7.600
  7.774
  7.459
  7.777
  8.458
  8.731
  9.289
 10.394
 10.562
  9.792
 10.036
 10.500
 11.249
  9.059
  8.023
  7.132
  7.208
  6.666
  6.126
  6.028
  6.147
  7.792
  5.942
  5.144
  4.445
  3.776
  3.305
  2.820
  2.546
  3.437
  3.811
  5.441
  7.508
  9.474
 10.456
 11.172
 11.822
 11.835
 11.560
 10.485
 10.390
 10.506
  9.928
  9.548
  9.756
 11.351
 12.182
 12.162
 13.684
 14.007
 15.497
 15.493
 17.146
 16.390
 15.237
 16.570
 16.284
 17.650
 17.425
 16.931
 18.098
 15.733
 16.856
 17.887
 18.134
 19.063
 17.221
 16.661
 16.036
 13.669
 13.027
 13.266
 13.001
  9.827
 10.090
  9.443
 11.348
 11.809
 13.416
 10.977
 10.611
 11.076
 10.530
 11.031
 11.781
 12.317
 12.580
 11.849
 12.010
 13.680
 14.415
 12.246
  8.331
  5.948
  4.488
  4.320
  3.961
  3.385
  2.269
  3.337
  4.008
  3.292
  5.766
  7.748
  7.873
  7.353
  5.264
  6.110
  4.467
  4.882
  2.781
  2.296
  1.271
  0.036
  1.162
  1.424
  2.842
  1.274
  1.542
  0.601
  1.329
  2.804
  2.938
  2.532
  3.200
  3.256
  3.883
  5.135
  4.568
  4.737
  2.767
  2.823
  3.573
  3.516
  3.033
  3.733
  0.298
  0.111
  0.611
  1.354
  0.223
  0.100
  0.472
  0.089
  1.323
  1.256
  1.533
  0.452
  1.485
  1.529
  1.725
  0.785
  1.725
  2.736
  3.204
  3.163
  3.194
  3.174
  2.921
  3.250
  3.056
  2.237
  1.229
  0.244
  0.067
  0.816
  1.405
  1.104
  1.201
  1.543
  4.182
  3.424
  4.291
  4.099
  4.802
  3.836
  3.719
  3.904
  3.856
  2.679
  2.212
  5.489
  3.923
  3.796
  3.993
  1.722
  1.638
  1.758
  0.397
  0.192
  1.065
  0.418
  0.074
  0.138
  0.445
  0.437
  0.846
  0.450
  0.617
  0.786
  0.898
  2.805
  1.773
  1.864
  0.568
  1.381
  1.326
  0.158
  0.715
  1.638
  1.857
  1.291
  4.410
  3.579
  4.144
  5.238
  5.277
  3.906
  3.403
  3.294
  2.756
  1.708
  1.299
  0.333
  0.388
  0.945
  3.776
  3.148
  4.801
  6.380
  4.568
  6.871
  8.675
  8.293
  9.005
  8.927
  5.078
  4.461
  6.456
  6.378
  7.690
  8.216
  6.562
  5.897
  9.252
  8.132
  6.482
  6.216
  7.009
  7.628
  8.960
  8.642
  8.954
  8.832
  8.513
  9.410
  7.710
  9.579
  7.875
  6.673
  6.229
  7.797
  5.832
  5.994
  6.891
  6.474
  7.480
  6.067
  1.736
  0.285
  0.419
  2.289
  3.646
  3.281
  2.677
  2.624
  2.855
  0.880
  1.455
  1.071
  1.288
  2.707
  4.497
  3.664
  0.743
  0.413
  0.736
  0.609
  3.199
  2.438
  1.944
  0.956
  0.012
  1.902
  2.897
  4.256
  3.693
  1.164
  1.448
  2.662
  2.544
  1.248
  1.315
  1.608
  0.244
  0.526
  0.684
  1.087
  0.609
  1.395
  0.937
  0.420
  0.250
  0.104
  0.148
  0.345
  1.564
  1.991
  2.220
  0.523
  0.240
  0.100
  1.485
  1.601
  1.217
  1.329
  1.292
  2.601
  2.986
  3.471
  3.796
  1.682
  2.521
  3.200
  2.050
  2.439
  2.460
  2.983
  2.762
  2.799
  2.826
  3.369
  3.755
  4.039
  5.310
  5.331
  6.562
  7.122
  7.052
  6.887
  6.069
  5.887
  5.808
  4.131
  3.851
  3.358
  0.279
  0.825
  0.617
  0.015
  2.593
  0.710
  1.061
  0.701
  1.127
  0.251
  1.983
  0.044
  1.506
  1.712
  0.426
  1.202
  0.893
  2.065
  2.589
  3.076
  3.062
  0.686
  1.650
  3.419
  3.471
  3.688
  3.720
  5.508
  9.328
  9.991
  9.886
 11.372
 12.417
 12.753
 14.056
 14.043
 14.670
 13.959
 15.100
 15.090
 17.376
 17.030
 15.250
 19.650
 19.431
 15.706
 17.761
 16.393
 14.588
 13.644
 14.625
 14.455
 15.109
 13.905
 12.188
 11.282
