  35
  24
  27
  18
  27
  17
  30
  29
  38
  33
  35
  30
  22
  21
  34
  33
  31
  34
  27
  38
  25
  38
  34
  29
  29
  38
  24
  27
  34
  29
  31
  30
  28
  22
  28
  23
  32
  31
  26
  28
  37
  47
  26
  25
  31
  27
  25
  27
  31
  29
  33
  32
  22
  31
  29
  34
  26
  25
  30
  26
  24
  19
  23
  24
  26
  27
  30
  33
  35
  28
  32
  29
  30
  29
  30
  23
  33
  31
  26
  28
  22
  26
  26
  42
  26
  34
  48
  30
  33
  30
  33
  26
  35
  26
  31
  31
  21
  33
  26
  28
