6.714
4.481
3.351
6.104
4.581
0.584
1.318
0.207
1.251
3.118
3.051
6.086
1.493
2.810
3.614
1.870
2.085
1.860
2.735
4.077
3.445
5.285
5.370
2.567
3.392
2.101
1.628
2.035
4.079
2.315
2.454
2.874
1.016
3.065
2.717
1.493
3.013
0.369
1.980
1.020
1.490
2.741
2.000
3.766
1.410
5.725
2.835
2.271
1.332
3.807
0.968
9.327
2.198
0.881
1.806
3.031
4.431
1.564
2.947
4.145
2.535
1.675
1.913
4.401
3.271
1.922
1.765
4.956
1.606
1.880
7.502
0.989
5.316
2.670
1.075
3.533
1.052
3.060
1.720
3.636
2.733
2.833
5.217
0.986
2.258
1.138
1.518
1.891
2.494
1.393
4.680
0.872
2.871
2.428
4.589
6.322
1.797
6.760
1.361
2.055
7.401
0.737
1.684
3.339
2.324
3.691
2.227
2.627
3.020
5.610
4.503
2.726
1.870
0.946
1.610
0.577
3.246
5.371
7.471
4.005
2.069
1.956
1.500
9.360
3.519
3.457
2.104
1.515
5.030
5.512
0.697
3.067
5.312
3.452
0.508
4.436
1.644
1.600
3.348
3.056
2.695
4.935
2.290
1.328
2.060
4.273
2.186
4.766
1.918
0.868
3.203
5.829
1.245
5.048
7.164
4.344
4.219
4.897
2.933
2.564
0.846
1.940
4.791
3.137
2.504
1.638
1.939
1.275
2.818
2.077
2.658
1.891
3.838
0.959
6.269
6.223
3.111
7.694
3.798
3.780
1.611
3.486
2.465
1.940
2.517
2.973
6.980
0.812
1.980
5.001
0.902
4.107
1.781
2.566
2.437
3.560
2.510
2.353
3.116
1.121
3.885
3.061
0.903
7.612
5.195
3.278
2.299
1.198
1.748
3.655
2.268
3.032
1.204
6.012
3.273
0.802
4.161
1.500
2.823
3.359
1.889
3.679
2.007
2.835
1.141
3.131
5.064
1.075
1.708
4.087
8.460
1.275
6.482
2.430
1.607
2.260
1.072
2.627
1.523
7.667
3.037
1.526
1.208
3.100
5.094
3.258
1.288
4.098
2.424
2.353
2.436
2.063
7.009
7.101
4.297
4.482
2.832
2.000
2.290
1.124
5.628
1.121
1.523
10.553
2.215
3.418
3.697
4.797
1.733
2.615
1.873
4.305
5.969
2.196
1.515
3.660
0.840
2.470
1.021
2.335
4.261
3.643
2.557
1.147
3.658
0.751
3.171
3.263
7.627
1.080
2.412
2.330
5.561
1.704
4.120
3.098
2.589
4.209
4.884
1.093
5.069
5.410
2.281
3.253
2.568
1.431
2.969
3.328
5.406
1.394
5.717
2.717
3.279
1.271
2.147
1.106
1.741
3.731
4.289
4.306
1.552
2.392
2.851
2.687
3.015
1.782
1.016
2.121
1.970
4.051
3.313
3.558
3.272
0.917
3.234
2.843
4.427
2.028
5.300
1.660
7.469
4.042
2.846
3.318
2.392
1.030
5.007
5.475
1.099
2.104
2.532
2.103
0.758
5.432
2.887
1.305
1.974
4.389
4.473
2.842
1.035
4.245
1.387
6.667
3.754
2.325
2.697
2.241
1.230
3.991
1.639
4.809
4.097
0.912
0.321
2.225
3.286
6.182
2.523
2.401
2.493
1.545
2.446
8.346
1.158
6.314
0.783
1.738
2.698
1.104
1.645
1.514
1.862
2.082
5.147
2.880
2.684
3.250
3.196
2.332
1.502
2.039
2.601
2.012
1.982
4.561
2.733
2.666
2.338
5.932
4.617
4.170
1.683
2.055
2.278
2.633
1.373
5.267
3.212
3.579
1.771
2.826
1.797
1.945
6.970
1.294
7.074
1.070
1.141
1.723
2.574
1.785
2.001
7.757
2.884
1.492
7.652
6.808
1.502
2.578
2.580
2.872
4.508
4.344
1.467
1.692
1.937
1.427
5.301
2.815
0.396
6.779
3.379
1.953
2.125
2.294
3.258
4.389
6.046
3.486
6.501
3.510
3.714
2.362
4.519
2.984
3.758
6.082
2.875
2.063
3.156
2.594
4.456
2.535
3.117
0.929
3.429
1.891
1.563
1.954
2.297
4.157
1.532
2.578
0.809
0.658
1.034
0.794
1.768
2.831
2.085
4.028
4.091
5.775
1.541
4.957
2.115
3.128
1.997
5.300
3.236
2.386
3.771
2.338
4.423
5.648
1.941
3.986
1.322
3.970
4.281
2.622
2.299
1.720
4.609
2.716
1.736
1.059
1.954
1.677
5.688
2.549
1.316
1.750
4.544
2.490
1.181
2.719
1.187
3.274
1.104
2.930
3.440
0.799
3.321
0.979
2.995
2.786
5.744
1.015
0.724
2.923
4.498
2.876
1.885
4.169
7.813
3.136
1.447
4.377
1.461
1.918
4.279
5.628
1.098
4.273
1.331
3.937
1.554
4.519
2.966
1.065
2.792
1.300
1.567
2.996
2.957
2.964
2.119
3.172
0.741
0.546
3.932
2.372
1.636
3.151
2.667
1.516
2.251
2.950
1.129
4.195
4.579
1.884
3.305
3.252
3.460
4.144
3.141
0.708
1.838
4.071
1.115
4.167
6.406
2.518
2.217
0.863
6.160
2.483
1.417
1.754
3.340
1.182
1.519
1.417
0.650
1.781
2.593
1.808
0.287
1.829
2.901
1.302
1.569
3.225
6.564
3.370
5.313
4.091
2.965
3.589
5.584
2.179
4.683
7.650
3.617
1.444
0.951
1.488
1.425
6.752
1.001
0.454
3.051
2.974
2.721
2.794
2.186
2.650
1.578
1.888
0.864
3.224
4.300
4.408
7.330
3.662
3.142
2.076
2.026
0.668
0.692
1.056
3.196
3.550
3.666
3.790
3.672
1.763
5.076
3.746
3.721
1.490
3.812
4.850
3.844
1.300
2.452
2.715
6.754
1.841
6.127
2.373
2.548
5.082
2.344
0.806
2.360
1.054
4.618
2.945
4.521
2.142
4.860
8.198
3.589
2.157
1.538
5.224
1.791
3.322
2.785
2.797
6.984
1.947
4.292
1.687
6.010
2.636
3.777
2.987
4.480
4.425
4.798
3.407
1.213
2.368
5.170
3.866
2.103
3.967
1.408
3.758
1.806
5.949
6.843
2.367
3.377
4.074
1.875
1.721
1.363
4.195
3.683
1.680
7.898
4.779
3.565
1.312
1.684
2.621
2.362
3.444
4.537
2.842
4.651
3.228
1.596
2.594
5.526
2.391
1.822
0.224
1.451
2.932
3.913
4.381
1.533
6.589
6.202
6.212
1.453
2.245
4.432
5.953
3.592
0.703
1.816
4.159
3.750
1.024
1.686
2.348
5.306
1.257
3.195
2.580
3.886
2.934
0.962
5.790
2.645
1.891
2.205
4.806
1.577
1.044
3.992
1.549
4.440
2.808
2.801
3.207
3.427
3.420
5.085
5.952
0.382
3.153
4.694
1.653
1.170
1.275
4.632
2.408
3.084
2.870
3.060
5.250
1.519
1.429
2.477
2.964
3.125
1.716
1.630
1.449
2.314
2.966
1.879
1.340
1.984
4.567
1.521
1.004
1.405
3.476
0.733
3.082
4.119
2.839
0.815
2.889
1.523
2.189
0.763
4.432
4.840
1.985
3.667
3.292
0.877
2.639
1.952
3.405
1.692
3.317
2.448
1.459
3.449
4.271
4.439
2.088
5.727
3.497
1.644
1.420
3.114
1.582
6.667
3.992
1.540
7.594
2.724
2.013
4.169
3.596
3.280
2.927
2.825
0.663
6.803
3.776
2.537
3.388
7.797
6.895
0.666
1.813
3.332
1.372
1.181
2.707
2.718
4.446
4.593
2.549
4.629
3.789
4.052
1.495
2.714
2.015
2.185
5.618
2.534
4.287
3.055
0.784
4.277
2.978
3.805
5.707
3.428
2.351
4.205
3.121
3.332
1.312
3.725
2.418
4.251
1.692
4.582
4.280
6.553
1.694
2.183
3.742
2.842
2.276
5.623
3.264
3.356
4.825
4.258
3.334
2.889
2.681
3.724
3.866
2.385
5.254
2.918
2.750
1.622
7.042
1.416
1.739
2.079
3.384
1.284
5.827
2.117
4.516
3.024
5.624
3.997
2.395
2.865
2.719
2.247
0.850
1.165
11.219
2.086
1.839
6.714
4.856
2.215
1.730
4.242
2.798
1.902
0.497
1.441
0.945
5.413
2.747
4.591
2.655
0.792
5.551
2.142
0.368
1.697
1.772
2.793
2.422
3.270
1.145
2.608
3.143
6.001
6.834
4.216
3.211
3.019
3.697
4.037
3.593
5.326
6.354
4.388
3.915
3.652
3.304
3.379
2.093
4.337
5.501
2.390
1.295
1.111
1.778
6.449
6.419
0.417
2.629
